Camera matrix : 

[[  1.90620050e+03   0.00000000e+00   9.76416431e+02]
 [  0.00000000e+00   1.89789988e+03   6.10584427e+02]
 [  0.00000000e+00   0.00000000e+00   1.00000000e+00]]
dist : 

[[  2.07322280e-02   2.61188854e-01   1.39986241e-03   7.96055811e-03
    5.19695008e+00]]
rvecs : 

[array([[-0.43614844],
       [ 0.94265526],
       [ 1.84246385]]), array([[-0.47326208],
       [ 0.44693028],
       [ 1.14037366]]), array([[-0.04950833],
       [ 1.0577037 ],
       [ 2.53023238]]), array([[-0.32891332],
       [ 1.15921213],
       [ 2.24707245]]), array([[ 0.02515691],
       [-0.02462432],
       [ 1.54098577]]), array([[-0.7744679 ],
       [ 0.73208822],
       [ 1.4424231 ]]), array([[ 0.29522896],
       [-0.51718358],
       [ 2.08870736]]), array([[-0.04023744],
       [ 0.121155  ],
       [ 2.00026413]])]
tvecs : 

[array([[  5.41113694],
       [ -1.53541092],
       [ 23.44010179]]), array([[  3.35596482],
       [ -4.12070527],
       [ 23.74325717]]), array([[  3.57970937],
       [ -0.02337959],
       [ 20.64537633]]), array([[  3.09144349],
       [ -0.69397296],
       [ 17.31101654]]), array([[  3.42442062],
       [ -2.96241869],
       [ 20.86590147]]), array([[  3.9426095 ],
       [ -2.91195209],
       [ 20.73151855]]), array([[  5.92578027],
       [ -0.4140832 ],
       [ 25.15317551]]), array([[  3.84571235],
       [ -1.92286947],
       [ 28.28669706]])]
   
>>> 